#! /usr/bin/octave -q
A = [ 
    4.5771,    0.33414,    6.17258,    4.43243,    8.73976,    9.67404,    1.44942,   0.110676, ;
   2.06529,    5.90158,   0.371343,   0.634999,    3.19162,    4.77772,     8.2472,    6.63625, ;
   3.27481,    1.87252,    4.23457,    3.03613,    5.29783,    5.76175,  0.0671972,    3.62916, ;
   4.70888,    4.92609,   0.865265,    7.73974,     4.0185,    6.83252,    4.74048,     8.5956, ;
   7.16666,   0.913055,    3.02803,    5.90642,   0.587093,    4.47745,     6.0171,    2.65238, ;
  0.379037,    6.38844,    3.28738,    3.57066,    1.16616,    1.53458,   0.206912,    4.44097, ;
    3.4071,    4.44148,    7.47709,    8.70494,   0.203224,    7.54429,     2.3341,     4.9121, ;
   2.47037,    3.19936,    2.65184,    6.48888,  0.0318791,    7.39232,    5.08448,    7.19854, ;
]
;B = [ 
   8.30537,    8.11251,    3.10496,    8.89247,    2.58996,    9.12205,    1.54485,      2.969, ;
   5.51049,    4.83223,    6.53966,    6.67665,    6.36681,    6.74658,    1.11762,    9.77391, ;
   1.18805,    8.59471,    8.47885,    1.39128,      6.139,   0.812946,    6.30338,    8.60937, ;
   4.01231,    8.95522,    5.09825,    4.04419,    6.34754,   0.182733,    1.24272,    4.65291, ;
   8.29524,    4.34768,    3.54538,   0.885208,    3.46974,    5.09023,    3.85421,    8.98023, ;
   9.92245,   0.393873,    5.65688,    6.28926,    7.14045,     6.7745,    6.06317,     8.3285, ;
   5.36921,    4.54202,    9.71978,    1.50821,    5.35497,    6.02316,   0.117578,    9.36728, ;
   4.97838,    5.21583,    3.41147,    1.32592,    5.39856,    4.65419,    5.97883,    3.69381, ;
]
;C_fast = [ 
   241.795,     180.46,    191.507,    140.358,    187.771,    169.104,    145.033,    263.662, ;
   203.863,    141.981,    192.536,    114.964,    174.413,    188.246,    94.8321,    240.185, ;
   174.275,    143.736,    138.207,    105.634,    145.147,    129.799,    114.676,    188.206, ;
   267.711,    225.279,    221.929,    172.343,    232.519,    213.607,    136.716,    274.737, ;
   186.658,     186.95,    178.953,    139.196,    161.003,    156.983,    84.4947,    192.477, ;
   104.704,    123.953,    119.009,    81.9222,    124.589,      88.13,    73.2595,    150.077, ;
   210.112,    231.398,    230.244,     163.22,    231.851,    157.777,    144.345,    263.069, ;
   204.084,    180.093,    200.068,    136.994,     203.22,    161.831,    120.752,    227.699, ;
]
;C_std = [ 
   241.795,     180.46,    191.507,    140.358,    187.771,    169.104,    145.033,    263.662, ;
   203.863,    141.981,    192.536,    114.964,    174.413,    188.246,    94.8321,    240.185, ;
   174.275,    143.736,    138.207,    105.634,    145.147,    129.799,    114.676,    188.206, ;
   267.711,    225.279,    221.929,    172.343,    232.519,    213.607,    136.716,    274.737, ;
   186.658,     186.95,    178.953,    139.196,    161.003,    156.983,    84.4947,    192.477, ;
   104.704,    123.953,    119.009,    81.9222,    124.589,      88.13,    73.2595,    150.077, ;
   210.112,    231.398,    230.244,     163.22,    231.851,    157.777,    144.345,    263.069, ;
   204.084,    180.093,    200.068,    136.994,     203.22,    161.831,    120.752,    227.699, ;
]
;printf("fast error matrix\n");
A * B - C_fast
printf("slow error matrix\n");
A * B - C_std
printf("identity squared fast\n");
D = [ 
         1,          0,          0,          0,          0,          0,          0,          0, ;
         0,          1,          0,          0,          0,          0,          0,          0, ;
         0,          0,          1,          0,          0,          0,          0,          0, ;
         0,          0,          0,          1,          0,          0,          0,          0, ;
         0,          0,          0,          0,          1,          0,          0,          0, ;
         0,          0,          0,          0,          0,          1,          0,          0, ;
         0,          0,          0,          0,          0,          0,          1,          0, ;
         0,          0,          0,          0,          0,          0,          0,          1, ;
]
